public/wind.json
{"header": { "discipline":0, "gribEdition":2, "gribLength":76928, "center":7, "subcenter":0, "refTime":"2018-06-24T00:00:00.000Z", "significanceOfRT":1, "productStatus":0, "productType":1, "productDefinitionTemplate":0, "parameterCategory":2, "parameterNumber":3, "parameterUnit":"m.s-1", "genProcessType":2, "forecastTime":0, "surface1Type":103, "surface1Value":100.0, "surface2Type":255, "surface2Value":0.0, "gridDefinitionTemplate":0, "numberPoints":65160, "shape":6, "gridUnits":"degrees", "resolution":48, "winds":"true", "scanMode":0, "nx":360, "ny":181, "basicAngle":0, "lo1":0.0, "la1":90.0, "lo2":359.0, "la2":-90.0, "dx":1.0, "dy":1.0 }, "data":
[rows 81 to 107 of 181, columns 248 to 309 of 360]
6.643396,5.743396,5.233396,5.413396,4.643396,4.133396,3.263396,2.883396,2.183396,2.553396,3.053396,3.033396,2.213396,1.473396,0.613396,0.123395994,0.043395996,0.193396,0.223396,0.063396,-0.636604,-0.986604,-2.066604,-2.206604,-2.046604,0.423396,2.663396,3.943396,2.263396,0.353396,-1.416604,-0.306604,-1.446604,-0.076604,0.003395996,-0.436604,-1.326604,-2.316604,-3.536604,-2.816604,-2.436604,1.343396,-3.816604,-1.456604,-0.516604,-3.206604,-3.616604,-3.186604,-2.336604,-0.126604,-0.376604,-1.216604,-1.576604,-2.886604,-2.816604,-3.556604,-3.806604,-3.776604,-4.296604,-4.586604,-4.946604,-4.576604
5.923396,5.253396,5.523396,5.173396,5.423396,5.103396,4.653396,4.613396,4.663396,3.993396,3.743396,3.443396,2.923396,2.563396,1.863396,1.823396,0.663396,0.033395994,0.053395998,-0.376604,-0.28660402,-0.146604,0.313396,-0.146604,-0.546604,1.643396,3.173396,3.733396,4.043396,1.963396,1.953396,2.153396,0.913396,0.583396,1.633396,4.003396,-1.466604,-3.416604,-2.126604,-0.786604,0.603396,-2.596604,-3.146604,-3.346604,-3.316604,-4.456604,-5.166604,-1.766604,-3.226604,-2.926604,-2.176604,-0.766604,-1.436604,-1.3966041,-2.636604,-2.686604,-2.506604,-3.126604,-4.536604,-5.236604,-4.466604,-4.836604
5.383396,5.573396,5.443396,6.013396,6.563396,6.563396,6.613396,6.753396,6.453396,6.063396,5.883396,5.663396,5.603396,4.963396,3.933396,2.713396,2.323396,1.653396,0.873396,0.453396,-0.146604,0.073396,-0.13660401,0.543396,2.433396,3.303396,3.943396,4.373396,4.923396,3.553396,2.173396,1.503396,2.803396,1.473396,1.113396,0.623396,-2.346604,-4.126604,0.623396,-1.116604,-0.336604,-3.516604,-3.486604,-3.526604,-3.776604,-0.506604,-3.416604,-1.506604,-5.636604,-4.096604,-1.956604,-2.536604,-2.226604,-2.276604,-2.726604,-3.136604,-3.316604,-3.146604,-2.706604,-3.296604,-4.046604,-4.756604
5.553396,5.803396,5.783396,5.963396,6.143396,5.903396,5.683396,5.933396,6.273396,6.173396,5.593396,5.453396,5.473396,5.283396,5.083396,5.063396,4.553396,3.203396,2.803396,2.483396,1.083396,1.193396,2.563396,4.953396,5.603396,5.883396,5.083396,5.533396,5.543396,6.423396,4.893396,4.033396,3.483396,2.643396,2.613396,1.393396,-0.146604,-1.796604,-2.386604,0.653396,-1.826604,-3.356604,-2.146604,0.013395996,1.1033959,-3.246604,-3.196604,-0.496604,-2.186604,-2.466604,-2.666604,-2.706604,-1.166604,-2.646604,-2.666604,-2.996604,-3.166604,-1.426604,-1.186604,-1.096604,-1.246604,-2.096604
6.073396,5.983396,5.953396,6.023396,6.063396,6.373396,6.643396,6.323396,5.943396,5.883396,6.163396,5.963396,5.523396,5.593396,5.713396,5.773396,5.803396,6.713396,6.643396,5.523396,6.103396,5.523396,7.703396,6.643396,6.723396,6.393396,7.153396,6.493396,5.483396,5.263396,5.733396,5.333396,4.203396,3.763396,2.073396,2.743396,-1.176604,1.243396,0.213396,-0.386604,-1.836604,-0.796604,0.863396,-0.326604,0.483396,-0.0066040037,2.653396,-2.666604,-1.406604,0.103396,0.133396,0.013395996,-3.486604,-4.046604,-2.996604,-2.726604,-2.596604,-2.446604,-1.986604,-0.936604,-1.6466041,-2.296604
5.943396,5.993396,5.753396,5.593396,5.703396,5.853396,6.253396,6.423396,6.493396,6.583396,6.173396,5.933396,5.753396,5.653396,5.923396,6.293396,6.553396,6.763396,6.823396,6.833396,5.683396,6.213396,6.793396,7.463396,7.163396,6.873396,6.703396,6.753396,7.013396,6.403396,5.433396,5.153396,4.613396,3.493396,2.573396,2.323396,1.933396,4.863396,-0.476604,-2.936604,-3.316604,2.673396,-1.256604,1.833396,-0.806604,0.533396,3.473396,0.223396,1.593396,-0.08660401,0.063396,0.473396,-0.196604,-3.736604,-3.916604,-3.346604,-3.576604,-2.796604,-2.526604,-0.696604,-0.946604,-3.466604
6.203396,6.013396,6.103396,6.043396,6.093396,6.233396,6.393396,6.573396,6.733396,6.683396,6.103396,5.963396,6.163396,6.353396,6.683396,7.063396,6.883396,7.633396,8.023396,7.553396,6.523396,7.583396,7.563396,7.503396,6.833396,6.683396,6.643396,6.833396,6.863396,6.613396,6.583396,6.073396,5.303396,4.093396,2.213396,-1.186604,1.213396,3.203396,-0.126604,-2.336604,2.023396,0.533396,0.533396,-2.426604,-2.946604,-2.266604,0.283396,1.313396,0.783396,0.793396,0.163396,1.903396,2.183396,-0.386604,-0.586604,-1.536604,-2.906604,-3.706604,-3.526604,-3.716604,-1.016604,-0.126604
6.323396,6.303396,6.233396,6.203396,6.263396,5.963396,5.853396,5.953396,5.813396,5.593396,5.583396,5.883396,5.633396,5.613396,6.173396,6.523396,6.733396,7.353396,7.683396,7.983396,6.233396,6.153396,6.713396,7.353396,7.343396,7.243396,7.033396,6.673396,6.533396,6.333396,6.893396,6.843396,5.513396,1.8533959,-0.24660401,-0.166604,3.193396,-0.766604,1.073396,3.473396,2.593396,-0.816604,1.003396,0.653396,1.313396,-0.266604,-0.576604,0.373396,1.343396,0.713396,1.333396,2.443396,2.643396,0.033395994,-0.956604,-1.036604,-1.516604,0.623396,-0.396604,-0.346604,-0.646604,1.223396
5.923396,5.533396,5.193396,5.153396,5.343396,5.463396,5.343396,4.873396,4.613396,4.703396,4.753396,4.363396,4.843396,5.143396,5.653396,6.003396,6.263396,7.063396,7.603396,7.773396,6.263396,5.493396,7.323396,8.193396,8.023396,7.443396,6.833396,6.693396,6.413396,6.453396,6.473396,5.213396,5.983396,-3.736604,0.88339597,0.833396,2.403396,2.783396,3.633396,1.313396,3.103396,2.453396,0.013395996,-0.336604,-0.486604,-0.026604004,0.703396,1.623396,0.643396,-0.376604,-0.466604,-1.336604,-0.406604,0.57339597,-0.18660401,1.203396,3.433396,1.8533959,1.903396,1.133396,0.623396,-1.016604
4.703396,4.763396,4.873396,4.773396,4.283396,4.173396,4.343396,3.863396,3.503396,3.653396,3.343396,4.153396,4.363396,5.473396,5.673396,5.603396,6.183396,6.813396,6.453396,7.383396,10.313396,6.783396,8.253396,8.093396,7.543396,7.273396,7.113396,7.103396,7.003396,6.333396,6.133396,5.703396,1.153396,1.583396,0.49339598,3.143396,1.953396,0.553396,-0.996604,0.46339598,-0.766604,-1.026604,0.323396,0.653396,0.693396,2.603396,1.203396,0.443396,-0.24660401,2.793396,-0.476604,-2.216604,-1.376604,-0.036604002,2.023396,3.023396,3.023396,2.963396,3.163396,2.643396,2.343396,0.753396
5.323396,4.583396,5.073396,4.953396,4.503396,4.133396,4.003396,3.773396,3.583396,3.423396,2.963396,3.723396,4.893396,5.493396,5.823396,6.063396,6.133396,6.553396,7.103396,7.273396,7.333396,5.423396,6.973396,6.893396,6.743396,6.683396,6.893396,6.333396,6.183396,5.973396,6.083396,7.323396,-1.846604,1.233396,0.263396,-1.596604,2.273396,1.063396,1.153396,-0.046604004,-2.126604,2.853396,0.723396,1.983396,1.573396,0.193396,0.88339597,1.173396,1.593396,0.393396,1.553396,2.193396,1.263396,0.963396,-0.31660402,0.14339599,0.563396,-0.106604,1.553396,-0.336604,-2.336604,-2.576604
5.113396,5.683396,5.443396,5.273396,4.883396,4.483396,4.483396,4.383396,3.963396,4.023396,4.103396,4.573396,4.633396,5.183396,5.653396,5.753396,5.613396,6.003396,6.093396,6.233396,5.923396,5.533396,5.863396,6.093396,6.423396,6.693396,6.443396,6.603396,6.463396,6.593396,6.443396,4.173396,4.563396,-0.646604,-0.156604,0.343396,-1.546604,0.003395996,-4.726604,-3.436604,0.973396,0.46339598,1.223396,0.023395997,-1.746604,-1.456604,-0.226604,0.43339598,0.683396,0.993396,1.423396,1.703396,1.573396,1.723396,1.913396,0.003395996,-0.346604,-0.13660401,-2.736604,-2.086604,-3.116604,-4.066604
5.383396,5.883396,6.053396,5.623396,4.783396,4.423396,4.243396,4.393396,4.193396,4.173396,4.473396,4.623396,4.413396,4.503396,4.823396,5.433396,5.623396,5.333396,5.723396,5.663396,5.623396,5.663396,5.473396,5.713396,5.743396,5.903396,6.253396,6.643396,7.023396,7.593396,8.293396,5.883396,1.393396,-1.556604,-0.486604,0.973396,-0.426604,-0.366604,0.053395998,-0.646604,0.083395995,-0.736604,-2.046604,-3.246604,-0.146604,-1.246604,-3.026604,-3.586604,-2.926604,-1.486604,-1.496604,-0.166604,-0.116604,-1.446604,-1.946604,-2.476604,-2.296604,-1.546604,-0.366604,0.223396,0.46339598,4.663396
4.683396,5.593396,5.773396,5.333396,4.543396,4.143396,3.993396,3.533396,3.823396,3.923396,4.303396,4.773396,4.893396,5.043396,5.203396,5.033396,5.123396,5.153396,5.173396,5.323396,5.293396,5.653396,5.763396,5.803396,6.063396,6.333396,6.533396,6.693396,6.953396,7.533396,9.233396,8.563396,0.683396,-0.826604,-0.116604,1.393396,0.153396,-0.18660401,0.003395996,-0.18660401,0.533396,-0.696604,-0.416604,1.083396,1.543396,2.173396,-1.506604,-3.746604,-3.426604,-2.036604,-0.296604,0.43339598,0.43339598,-0.276604,0.303396,1.1033959,0.263396,2.263396,1.653396,0.103396,0.363396,0.63339597
4.603396,4.713396,5.143396,5.053396,5.023396,4.383396,3.973396,3.683396,3.443396,3.543396,3.783396,3.993396,4.203396,4.323396,4.773396,5.083396,5.133396,5.063396,5.193396,5.443396,5.663396,5.763396,5.803396,5.963396,6.083396,6.133396,6.403396,6.653396,6.663396,6.903396,7.863396,7.423396,0.513396,-1.056604,2.093396,-1.576604,-0.396604,-0.67660403,0.133396,0.233396,-0.096604005,-0.796604,-0.196604,-0.336604,-0.376604,-0.626604,1.293396,1.213396,-0.486604,-1.026604,0.333396,-0.416604,0.413396,1.393396,1.143396,0.973396,-0.026604004,-0.816604,0.873396,1.783396,2.853396,2.503396
5.733396,3.723396,4.713396,5.293396,5.103396,5.113396,4.663396,4.433396,4.213396,4.153396,4.233396,4.363396,4.703396,5.003396,5.063396,5.243396,5.473396,5.533396,5.493396,5.633396,5.823396,5.923396,5.983396,6.103396,6.203396,6.253396,6.553396,6.633396,6.663396,6.873396,6.623396,7.043396,5.973396,-0.196604,-0.776604,-0.986604,-1.796604,-0.476604,-1.156604,-0.366604,-0.966604,-0.856604,-0.0066040037,0.123395994,-0.266604,-0.916604,-0.906604,-0.746604,0.443396,-0.546604,-1.316604,-0.456604,-0.996604,-1.276604,-0.846604,0.14339599,0.88339597,-0.076604,0.46339598,3.723396,3.613396,2.263396
6.393396,5.353396,4.043396,5.283396,5.353396,5.443396,5.333396,5.233396,5.003396,4.883396,5.033396,5.153396,5.273396,5.443396,5.663396,5.783396,5.833396,5.883396,5.893396,6.053396,6.243396,6.303396,6.343396,6.443396,6.513396,6.443396,6.643396,6.813396,6.773396,6.633396,6.183396,5.953396,8.053396,-1.206604,-2.826604,1.133396,-0.446604,-1.666604,-1.236604,-0.806604,0.033395994,-0.446604,-0.116604,0.053395998,0.293396,0.46339598,-0.806604,1.203396,0.803396,0.49339598,0.213396,-1.316604,-1.236604,-2.136604,-2.276604,0.373396,0.303396,1.113396,0.743396,-1.326604,-0.21660401,0.523396
6.133396,6.733396,4.793396,5.193396,5.853396,5.603396,5.233396,4.983396,5.173396,5.383396,5.603396,5.643396,5.873396,6.103396,6.343396,6.453396,6.453396,6.333396,6.363396,6.443396,6.543396,6.633396,6.633396,6.633396,6.573396,6.563396,6.483396,6.573396,6.803396,6.533396,6.063396,5.593396,6.213396,2.853396,-2.116604,0.623396,-2.036604,-1.3966041,0.593396,-1.556604,-1.856604,-0.896604,-2.536604,-1.276604,-0.276604,0.003395996,-0.646604,-3.046604,-2.566604,0.49339598,1.163396,1.733396,1.523396,0.373396,-1.006604,-2.206604,-0.276604,1.1033959,1.8533959,0.523396,-0.946604,-0.096604005
5.673396,6.453396,6.133396,4.203396,5.403396,5.523396,5.463396,5.303396,5.333396,5.583396,6.033396,6.143396,6.173396,6.363396,6.543396,6.723396,6.783396,6.773396,6.733396,6.813396,6.823396,6.773396,6.713396,6.693396,6.743396,6.693396,6.723396,6.753396,6.863396,6.653396,6.133396,5.743396,5.753396,8.123396,-2.476604,-1.766604,2.453396,-0.106604,-0.416604,-1.126604,-2.626604,-2.246604,-2.176604,-5.526604,-3.596604,-0.736604,0.253396,-0.31660402,-0.146604,-0.276604,0.253396,1.093396,0.103396,1.663396,1.653396,0.553396,-1.196604,-0.556604,1.033396,3.783396,1.633396,2.813396
4.753396,5.953396,6.663396,4.313396,4.183396,4.993396,5.173396,5.303396,5.313396,5.513396,5.923396,6.343396,6.173396,6.143396,6.163396,6.303396,6.613396,6.913396,6.983396,7.013396,6.973396,6.923396,6.863396,6.763396,6.723396,6.873396,6.953396,7.043396,7.023396,6.903396,6.423396,6.343396,6.053396,6.723396,1.403396,-2.906604,-0.106604,-2.016604,-3.456604,-2.776604,-0.886604,-3.736604,-4.046604,-4.736604,-4.036604,-2.446604,0.17339599,0.033395994,-1.536604,-0.756604,-1.326604,-0.276604,-0.916604,-0.336604,0.57339597,3.153396,3.473396,-0.146604,2.683396,1.963396,0.963396,0.593396
3.903396,4.903396,5.983396,5.183396,3.613396,4.233396,4.443396,4.613396,5.213396,5.413396,5.513396,5.943396,6.123396,5.803396,5.743396,5.973396,6.283396,6.653396,6.973396,7.113396,7.153396,7.063396,6.983396,6.893396,6.903396,6.953396,7.213396,7.283396,7.303396,7.273396,7.053396,6.903396,6.453396,7.203396,9.163396,-0.31660402,-1.746604,0.213396,-3.446604,-1.126604,-2.606604,-3.006604,-2.906604,-3.216604,-4.366604,-4.466604,-4.256604,-1.786604,-2.796604,-1.986604,1.033396,-1.1466041,0.393396,1.263396,0.133396,-1.816604,-0.08660401,0.513396,-1.386604,0.293396,0.57339597,0.373396
3.643396,3.813396,4.593396,5.193396,3.483396,3.773396,4.113396,4.343396,4.573396,5.173396,5.163396,5.043396,5.333396,5.123396,5.243396,5.513396,5.903396,6.183396,6.463396,6.763396,7.023396,7.133396,7.063396,7.003396,7.033396,7.113396,7.313396,7.493396,7.553396,7.643396,7.483396,7.363396,6.613396,6.053396,6.943396,3.493396,-2.266604,-1.356604,4.223396,0.623396,0.393396,-3.256604,-3.136604,-4.206604,-4.246604,-3.516604,-3.656604,-4.596604,-2.336604,-3.556604,-1.686604,-0.546604,-1.776604,-1.716604,-1.1466041,-0.956604,-0.736604,-0.126604,0.003395996,-0.106604,0.333396,0.473396
2.773396,2.513396,3.083396,4.573396,4.313396,2.953396,3.393396,3.823396,4.173396,4.613396,4.763396,4.673396,4.533396,4.673396,4.793396,5.143396,5.393396,5.733396,5.913396,6.383396,6.803396,7.043396,7.133396,7.123396,7.143396,7.163396,7.153396,7.193396,7.443396,7.563396,7.463396,7.293396,6.953396,6.393396,7.643396,7.753396,-0.916604,-1.496604,-0.606604,1.333396,0.613396,-1.196604,-0.24660401,-1.246604,-2.266604,-4.706604,-5.926604,-3.416604,-2.826604,-3.776604,-5.726604,-4.456604,-3.916604,-3.866604,-1.956604,-1.016604,-0.476604,-0.746604,0.213396,-0.406604,-0.706604,-0.796604
2.073396,2.253396,2.123396,3.823396,4.343396,3.623396,2.643396,2.733396,2.893396,3.783396,4.013396,4.283396,4.333396,4.283396,4.323396,4.663396,5.293396,5.373396,5.573396,5.913396,6.363396,6.733396,6.963396,7.083396,7.113396,7.143396,7.193396,7.213396,7.173396,7.063396,7.213396,7.153396,7.053396,6.723396,7.753396,9.283396,3.783396,1.563396,-3.476604,-3.546604,-4.446604,0.813396,-1.036604,-2.626604,-4.806604,-4.056604,-4.316604,-4.566604,-2.226604,-2.036604,-4.376604,-3.476604,-3.436604,-3.386604,-3.066604,-3.436604,-3.066604,-3.616604,-2.266604,-1.1466041,-0.376604,-0.856604
2.253396,1.953396,2.003396,3.323396,4.103396,4.933396,3.063396,2.213396,2.423396,2.953396,3.523396,3.803396,4.093396,3.873396,4.113396,4.123396,4.393396,4.873396,5.383396,6.033396,6.533396,6.723396,6.823396,6.873396,7.013396,7.123396,7.183396,7.253396,7.373396,7.433396,7.113396,7.093396,7.133396,7.063396,7.423396,7.923396,8.543396,2.603396,-1.486604,0.113396,1.023396,-2.176604,-0.976604,-1.136604,2.163396,3.393396,-2.806604,-6.616604,-5.596604,-4.096604,-2.686604,-4.876604,-3.656604,-6.406604,-5.186604,-4.696604,-2.146604,-3.456604,-6.196604,-3.446604,-1.1466041,-1.076604
1.433396,1.703396,1.903396,2.123396,2.943396,3.933396,4.153396,1.533396,1.813396,2.253396,2.473396,2.653396,3.303396,3.393396,3.473396,3.563396,3.673396,4.433396,5.153396,5.963396,6.533396,6.853396,6.953396,7.003396,7.003396,7.003396,7.093396,7.193396,7.353396,7.473396,7.493396,7.293396,7.363396,7.073396,6.793396,6.843396,7.153396,5.513396,2.953396,-0.346604,-0.826604,3.423396,2.013396,-4.976604,-1.076604,-1.186604,-4.056604,-7.576604,-8.036604,-6.106604,-3.446604,-6.046604,-4.066604,-4.746604,-3.976604,-4.316604,-2.286604,-4.646604,-3.636604,-2.136604,-0.566604,-0.396604
2.193396,1.713396,1.573396,1.823396,2.153396,3.393396,4.303396,2.563396,1.323396,1.723396,2.243396,2.543396,2.843396,2.643396,2.653396,2.533396,3.123396,4.143396,4.953396,5.733396,6.393396,6.713396,6.983396,6.973396,6.853396,6.833396,6.913396,6.933396,7.013396,7.143396,7.363396,7.403396,7.103396,7.003396,6.683396,6.393396,6.073396,5.543396,5.133396,3.933396,1.583396,-1.136604,2.973396,-3.896604,-1.616604,-0.726604,-0.446604,3.133396,-4.696604,-9.746604,-7.326604,-6.206604,-6.146604,-3.156604,-5.686604,-4.106604,-3.306604,-3.396604,-2.146604,-3.286604,-5.146604,-2.266604
