public/wind.json
{"header": { "discipline":0, "gribEdition":2, "gribLength":76170, "center":7, "subcenter":0, "refTime":"2018-06-24T00:00:00.000Z", "significanceOfRT":1, "productStatus":0, "productType":1, "productDefinitionTemplate":0, "parameterCategory":2, "parameterNumber":2, "parameterUnit":"m.s-1", "genProcessType":2, "forecastTime":0, "surface1Type":103, "surface1Value":100.0, "surface2Type":255, "surface2Value":0.0, "gridDefinitionTemplate":0, "numberPoints":65160, "shape":6, "gridUnits":"degrees", "resolution":48, "winds":"true", "scanMode":0, "nx":360, "ny":181, "basicAngle":0, "lo1":0.0, "la1":90.0, "lo2":359.0, "la2":-90.0, "dx":1.0, "dy":1.0 }, "data":
[rows 25 to 49 of 181, columns 114 to 170 of 360]
0.22372559,0.5537256,0.5037256,0.7537256,-0.10627441,-0.77627444,-0.046274412,0.52372557,0.5537256,0.3137256,-0.4962744,-0.8362744,0.8337256,2.2337255,-0.3062744,-6.1262746,-5.6062746,-3.6662743,-3.7062745,-1.7262744,-1.9362744,-2.3062744,-0.18627441,0.3137256,0.14372559,-1.0362744,-1.3662744,-2.0562744,-1.7362744,-1.2162744,-0.14627442,-0.5662744,-1.4062744,0.7037256,-0.3162744,0.123725586,0.11372559,2.2637255,2.8637257,3.3737257,2.6737256,2.6137257,2.3237257,2.9537256,4.5637255,4.6237254,4.5837255,3.3237257,4.7537255,3.9837255,1.7737256,2.2737255,2.9037256,2.7037256,0.6737256,-0.6662744,-2.2562745
-1.0562744,-0.6362744,0.6037256,0.52372557,-1.2462745,-2.1362743,-1.7662745,-1.2562745,-1.1262745,-1.0562744,-1.0162745,0.11372559,1.0637256,1.5637256,1.9937255,1.8137256,2.0937257,2.2437255,2.1337256,1.5637256,0.4937256,-1.2362744,1.0137256,2.2737255,1.7237256,1.1037256,-0.8762744,-3.8762743,-3.7162745,-4.3062744,-1.1962744,3.9437256,1.8737255,-1.4662744,-0.72627443,-1.7862744,-1.1862744,0.19372559,3.1737256,3.7737255,2.7637255,2.6737256,2.4937255,1.4237256,2.9837255,3.0537255,2.1337256,1.8537256,3.1837256,3.7537255,2.3237257,1.1237255,1.1737256,0.07372559,0.6937256,2.6937256,2.2437255
-0.8262744,-1.5562744,-1.5562744,-1.0962744,-1.5662744,-1.8062744,-1.4762744,-1.7062744,-1.9162744,-1.4762744,-1.0562744,-0.39627442,-0.33627442,-0.6062744,-1.0462744,-1.3562744,-0.6262744,0.9437256,2.6437256,3.8837256,5.4437256,6.0137258,4.3937254,2.6737256,1.9137256,1.3137256,-2.3962743,-2.1462743,-1.2562745,-3.6362743,-5.3562746,-2.8862743,-1.5462744,-4.3762746,-5.2262745,-2.6762743,-1.5762744,-1.2262744,0.21372558,-0.41627443,-1.3662744,0.77372557,0.10372558,1.6737256,1.1537256,0.21372558,1.0337256,1.8637255,4.0437255,3.3237257,2.9237256,2.3037255,0.8737256,1.6237255,2.9337256,2.0037255,1.5237256
-1.2362744,-1.5662744,-1.5562744,-1.5662744,-1.2062744,-1.2762744,-1.1062744,-1.9562744,-2.4262743,-2.7562745,-2.7062745,-1.9262744,-1.0562744,-0.2862744,0.2737256,1.0837256,0.3137256,-1.3362744,-0.52627444,1.5637256,1.0937256,1.2037256,1.4337256,1.6037256,1.9737256,1.3037256,-0.8962744,-0.4762744,-1.1862744,-0.5462744,-0.15627441,-0.22627442,-0.4962744,-2.7362745,-3.0862744,-3.4762745,-1.1562744,-0.4362744,-2.7562745,-1.0862744,-0.5762744,-1.4262744,-1.4162744,0.4337256,1.1037256,2.1337256,2.9037256,2.8837256,1.7637256,0.003725586,2.7637255,1.5637256,2.0637255,2.3837256,1.8437256,1.2537255,-2.7462745
-3.3262744,-1.6062744,-0.4362744,-1.1462744,-2.3862743,-3.4262743,-3.2362745,-2.7262745,-3.3762743,-2.7462745,-2.7962744,-2.2062745,-1.8962744,-1.8362744,-0.9162744,-0.3162744,-0.06627441,-0.17627442,0.29372558,1.4337256,0.3037256,-0.14627442,0.4737256,1.1637256,1.6037256,1.2537255,0.11372559,0.7637256,-0.09627441,1.0237256,1.2237256,-0.3462744,0.97372556,-0.4362744,-0.77627444,-1.2062744,-1.2562745,-2.0062745,-2.6062744,-1.6562744,-1.4662744,-1.5762744,-0.6662744,0.8737256,1.6137255,2.5037255,3.1737256,-1.5362744,-0.19627441,0.6837256,2.0837257,1.3937256,-0.026274415,1.1837256,1.3637255,2.1937256,1.2337255
-5.4362745,-5.296274,-4.1362743,-1.8562744,-2.3762743,-2.9962745,-2.9662745,-2.8962743,-3.7562745,-3.1162744,-2.8162744,-2.8062744,-3.7462745,-3.0662744,-2.4162743,-1.6662744,-1.1662744,-0.2862744,-0.016274415,-0.10627441,0.7937256,1.0737256,1.5537256,1.8037256,2.0237255,1.7037256,0.9437256,-0.10627441,0.7537256,1.4937255,2.3037255,1.3237256,2.0737257,2.4737256,2.5037255,1.9437256,1.3437256,0.4737256,-1.0462744,-1.7062744,-2.3562744,-0.8362744,-1.9262744,-1.0462744,0.19372559,0.7537256,0.16372558,1.5037255,-1.7762744,-1.0862744,1.7337255,4.6537256,6.0137258,6.5137258,7.3337255,6.8437257,5.0537257
-6.8262744,-8.386274,-6.6062746,-4.1862745,-2.7262745,-2.1962745,-2.0762744,-2.3462744,-1.6862744,-2.5062745,-2.1362743,-1.6062744,-2.4162743,-2.4662745,-2.2462745,-1.7062744,-1.7162744,-0.2562744,-0.2562744,-0.4062744,-0.24627441,-0.14627442,1.0037255,1.5837256,0.4437256,1.5837256,1.3637255,-0.72627443,1.6937256,4.4237256,5.8937254,6.9137254,6.6637254,4.9837255,3.0537255,-1.0662744,-1.0862744,2.7537255,0.3737256,-0.9862744,-1.0162745,-2.1462743,-0.4062744,0.65372556,0.14372559,0.21372558,1.4537256,-2.0062745,-0.18627441,2.2137256,3.8137255,1.9537256,3.8737257,5.5537257,7.1537256,8.213726,8.333726
-4.0362744,-1.8762745,-1.1862744,-1.7162744,0.6037256,-0.45627442,-0.29627442,0.71372557,2.2437255,0.8637256,0.4437256,2.0137255,2.6537256,0.08372559,-0.7662744,-0.8962744,0.2737256,0.6337256,-0.4662744,-1.2862744,-0.5162744,-0.5062744,-0.15627441,-0.18627441,-0.7662744,-0.32627442,-0.8362744,1.2537255,0.9937256,-0.036274415,0.16372558,0.59372556,1.6737256,3.2037256,3.7137256,2.3937256,0.5437256,-3.0662744,-5.2362742,-6.2062745,-6.5762744,-6.3062744,-6.3362746,-5.546274,-3.2362745,-0.14627442,-1.4062744,-0.32627442,0.7337256,0.5137256,0.6637256,-0.52627444,-0.33627442,0.45372558,1.3437256,2.3537257,2.7537255
-2.8462744,-2.1362743,-0.7462744,-0.6462744,0.043725587,1.4437256,-0.6862744,-0.16627441,1.0137256,2.7837255,0.2737256,0.48372558,0.043725587,-0.35627443,-0.6662744,-0.6262744,-1.3162744,-1.0162745,-1.3562744,-1.9862744,-1.7162744,-1.3962744,-1.2262744,-2.2162745,-1.3162744,0.42372558,0.77372557,-0.22627442,-0.18627441,0.21372558,0.7037256,0.5837256,-0.2862744,-0.78627443,-1.2162744,-1.5362744,-2.3062744,-3.2462745,-4.2062745,-5.2062745,-5.756274,-4.2662745,-0.036274415,1.3737255,0.19372559,-2.4762745,-3.7362745,0.23372559,-1.5662744,-1.2762744,-2.6062744,-4.6062746,-4.8662744,-5.0962744,-5.0662746,-4.8562746,-4.5362744
-3.9062743,-2.8162744,-1.3562744,-3.8162744,-2.6162744,-1.2762744,-0.026274415,-0.10627441,-1.3962744,-1.2462745,0.053725585,-0.016274415,-0.026274415,0.14372559,-0.2762744,-0.77627444,-1.5462744,-2.6862745,-1.9762744,-3.9662745,-1.0362744,-2.4862745,-1.2162744,-1.7862744,-2.0362744,-1.3762745,-0.8962744,-0.72627443,-0.5662744,-0.4762744,-0.2762744,-0.06627441,0.18372558,0.033725586,-0.2762744,-0.32627442,-0.2762744,0.07372559,0.8637256,0.9937256,0.8137256,2.0137255,2.9837255,2.5137255,0.65372556,-1.9762744,-0.48627442,-1.8362744,-1.3662744,-2.9462745,-4.4662743,-6.7862744,-7.6262746,-7.9262743,-8.576275,-9.036274,-8.936275
-5.1562743,-5.1862745,-7.8562746,-8.486275,-7.3862743,-2.5962744,-1.5662744,-1.0462744,-2.0662744,-1.2962744,-1.5362744,-1.0762744,-1.4162744,-0.9462744,0.48372558,-0.0062744142,-0.5462744,-2.5762744,-2.6962745,-3.5462744,-1.9262744,-1.1762744,-0.97627443,-1.1162744,-2.1462743,-3.1762743,-4.5162745,-4.9762745,-4.796274,-4.4662743,-4.7462745,-4.006274,-2.9162743,-1.8962744,-0.24627441,2.0337255,3.9337256,5.0037255,4.6937256,3.9737256,3.6637256,0.6337256,1.4137256,0.5537256,-2.0762744,-0.9162744,-1.1662744,-2.1062744,0.6637256,-3.6562743,-6.6362743,-8.736275,-9.206274,-9.9762745,-11.426274,-11.956274,-12.036274
-1.3562744,-1.5862744,-2.7262745,-4.2862744,-2.7562745,-4.1362743,-2.6662743,-3.0662744,-4.006274,-4.1862745,-4.0562744,-2.0362744,0.97372556,0.7037256,0.013725586,-1.3562744,-2.3562744,-2.2162745,-2.3262744,-3.8762743,-5.2862744,-3.6962745,-0.65627444,-1.4262744,-2.6362743,-2.7462745,-2.1862745,-5.1062746,-4.5362744,-5.8062744,-7.0162745,-7.5762744,-7.3062744,-6.3962746,-5.1962743,-3.6262743,-1.3262744,1.1537256,2.8137255,3.3037255,3.3437257,3.5937257,4.1637254,1.0237256,-0.90627444,0.033725586,-0.8962744,-4.1562743,-8.496274,-6.006274,-7.8462744,-9.436275,-11.706274,-12.9762745,-13.706274,-14.266274,-14.736275
-0.15627441,-1.1262745,-3.2462745,-3.2962744,-4.2462745,-2.7462745,-0.4062744,-1.7762744,-3.4362745,-3.7662745,-3.5062745,-3.0462744,-2.3962743,-1.4462744,-0.4462744,-2.9562745,-3.9862745,-6.1662745,-5.756274,-3.2362745,-6.2062745,-2.8362744,-0.35627443,-3.0262744,-0.78627443,-0.8962744,-1.4062744,-1.1662744,-4.006274,-4.546274,-7.8362746,-8.866275,-10.076275,-10.406275,-10.036274,-9.046274,-7.4062743,-4.9862742,-2.1562743,-0.2562744,0.013725586,1.7637256,5.3337255,0.6037256,-0.6862744,-3.4262743,-4.3662744,-6.4762745,-7.0562744,-6.9362745,-8.326275,-10.116275,-11.9762745,-13.576275,-15.006274,-15.896275,-16.526274
1.0537256,-2.7762744,-6.5362744,-4.3262744,-4.4662743,-2.4862745,-1.2462745,-2.6262743,-2.5262744,-3.3962743,-2.5362744,-2.3862743,-2.4762745,-3.3462744,-4.8762746,-5.1262746,-5.0862746,-3.9562745,-1.4462744,-4.8962746,-5.3262744,-3.1362743,-2.2462745,-1.1762744,-3.3762743,-1.1362745,-2.2562745,-3.8562744,-4.7362742,-4.6262746,-7.3762746,-9.836274,-11.276275,-11.746274,-11.896275,-11.616275,-10.356275,-7.796274,-5.026274,-2.7062745,-1.2162744,-1.1262745,-1.2662745,1.8737255,-1.9962745,-3.9262743,-5.5362744,-7.3962746,-6.7462745,-6.9362745,-7.9962745,-8.456274,-9.646275,-11.396275,-10.4762745,-8.9762745,-5.4162745
1.6137255,-6.9462743,-7.6862745,-9.446275,-6.8062744,-3.7462745,-5.296274,-3.8962743,-4.3462744,-3.2562745,-2.6362743,-2.0762744,-1.4262744,-0.5162744,-1.4562744,-2.3562744,-1.9262744,-0.8962744,-3.8162744,-0.4962744,-3.7262745,-1.8462744,-2.1962745,1.4437256,-2.9162743,-2.1162744,-0.5562744,-4.1562743,-3.8062744,-4.0762744,-0.9162744,-8.746274,-11.986275,-13.026275,-12.956274,-12.666274,-11.806274,-9.946275,-7.2162743,-4.6062746,-3.7962744,-1.1362745,0.4637256,-6.1162744,-5.5662746,-4.6562743,-7.6762743,-7.8462744,-5.6862745,-5.2062745,-5.2662745,-4.7062745,-3.7262745,-1.7662745,3.3637257,6.0637255,5.453726
-0.036274415,-13.456274,-9.296274,-8.796274,-4.7062745,-3.8262744,-5.9862742,-5.026274,-4.4862742,-3.6862745,-2.7762744,-2.5262744,-1.3562744,-0.2762744,0.7437256,0.5837256,-0.14627442,0.013725586,-1.2062744,-1.6262745,-1.1462744,-3.1962745,-1.6362745,-2.7162745,-0.65627444,-0.29627442,-0.65627444,-1.5062745,-0.4962744,-1.8762745,0.36372557,-3.6462743,-8.756274,-10.176274,-11.206274,-12.286274,-12.796274,-12.9762745,-11.076275,-10.356275,-9.376274,-7.6562743,-7.8062744,-6.1062746,-5.5762744,-4.8662744,-3.7862744,-5.1162744,-4.256274,-2.7162745,-0.48627442,2.0837257,6.3237257,8.423725,8.693726,8.583726,7.9637256
-0.6962744,-6.5862746,-6.2162743,-3.7462745,-1.9362744,-2.5462744,-4.4262743,-6.2162743,-4.3062744,-3.0762744,-2.4062743,-2.0262744,-1.0562744,-1.6462744,0.7037256,2.3637257,2.8437257,0.19372559,0.2837256,-0.3162744,-0.65627444,-3.2862744,-3.1362743,-1.0562744,0.6737256,0.06372558,-1.3762745,-0.78627443,0.3137256,-0.35627443,-4.7362742,-2.0262744,-5.6162744,-6.9962745,-8.166274,-9.9762745,-11.596274,-15.386274,-15.636274,-13.246274,-12.186275,-10.536274,-8.426274,-5.256274,-3.0862744,-1.6062744,0.16372558,1.7737256,3.3937256,5.2837257,7.5137258,9.443726,10.153726,10.453726,10.183725,9.913726,9.313725
2.7937255,-0.6262744,2.6037257,-3.4262743,-3.4362745,-2.5162745,-3.8462744,-4.6962743,-3.2962744,-2.7962744,-2.7162745,-2.3862743,-1.8662744,-0.35627443,-0.96627444,0.4037256,1.3637255,0.9137256,-1.6262745,0.24372558,1.1137255,-0.42627442,0.38372558,2.5737257,2.1137257,-1.1662744,-3.0062745,-0.6162744,-0.9362744,-3.9362745,-4.4662743,-3.3462744,-4.2262745,-2.5662744,-2.4162743,-5.2162743,-8.4762745,-11.716274,-13.636274,-14.386274,-13.846274,-10.466274,-7.1862745,-4.2262745,-0.45627442,3.7737255,7.3337255,10.133725,12.453726,13.963726,14.163726,12.993726,11.393725,10.683725,10.753726,10.673725,10.323726
4.4337254,4.243726,2.2237256,5.0137258,-2.8362744,-3.7162745,-6.1562743,-2.4262743,-3.0862744,-2.7662745,-3.1862745,-2.9062743,-2.1062744,-0.8362744,0.52372557,0.17372559,0.4737256,0.4637256,-0.09627441,-2.4462745,-1.9262744,-1.1862744,1.7337255,2.7337255,-1.0162745,-4.4962745,-4.4462743,-2.6162744,-1.5462744,-1.9462744,-2.4162743,-2.3162744,0.14372559,1.7137256,2.0837257,0.4937256,-0.5062744,-2.6762743,-4.0162745,-5.7062745,-6.6162744,-5.9762745,-5.2662745,-3.7162745,-0.59627444,3.4937255,7.2137256,10.233726,12.063725,13.053725,13.293726,13.2737255,13.133725,12.493726,11.883725,11.143725,10.613726
11.333726,8.723725,3.1137257,6.4837255,-1.0562744,-3.7762744,-4.1962743,-2.8862743,-2.9062743,-3.0262744,-3.5162745,-2.6562743,-1.9162744,-0.7562744,2.0637255,1.8737255,1.6137255,2.9037256,1.5337256,-1.7662745,-0.9162744,0.023725586,1.9737256,1.6837256,-6.9262743,-5.2262745,-4.3362746,-3.4862745,-3.0162745,-5.0762744,-1.9262744,-0.9862744,-1.3462744,0.26372558,0.3437256,-0.5862744,1.0837256,4.743726,4.6637254,2.9837255,2.9337256,3.0237255,2.1937256,1.4337256,0.7937256,2.7437255,5.5237255,8.663726,11.063725,12.333726,12.933725,12.813725,12.803725,12.733726,12.2737255,11.643725,11.333726
11.563725,11.093725,7.3037257,10.293726,4.243726,-2.1862745,-1.4362744,-2.0562744,-3.2062745,-3.5062745,-3.3662744,-2.2162745,-0.71627444,1.0637256,2.5337255,4.5237255,1.1037256,2.5237255,-1.6862744,-0.6362744,1.0637256,2.4537256,2.7137256,-4.6162744,-4.1962743,-4.6762743,-3.8862743,-3.0762744,-0.5762744,0.013725586,-0.4962744,1.1837256,2.9137256,0.17372559,1.1937256,4.5237255,5.3237257,6.4137254,7.1237254,7.4037256,7.4637256,8.233726,7.5337257,5.8837256,5.3037257,5.5037255,5.8537254,6.723726,8.263725,10.0237255,11.173725,11.693726,12.193726,12.103725,11.753726,11.443726,11.333726
12.603725,10.843725,7.6237254,9.113726,-1.3962744,-1.1262745,-3.1262743,-3.6362743,-3.8362744,-3.4662745,-2.8562744,-1.7962744,-0.16627441,1.8237256,3.0337255,1.6537256,4.0737257,1.4937255,-1.8262744,0.8137256,2.2637255,5.0037255,-3.5462744,-2.6762743,-2.6062744,-2.3162744,-1.4362744,3.6137257,4.0437255,4.1637254,-0.6462744,2.5537255,5.3037257,3.9437256,3.8737257,4.1537256,4.8837256,5.0637255,5.3837256,6.2937255,7.1037254,8.233726,8.7737255,7.9637256,7.3037257,7.1337256,6.993726,7.453726,8.0237255,8.153726,8.333726,9.383725,10.593725,10.223725,9.983726,10.213726,10.193726
8.723725,6.8937254,6.1737256,5.993726,3.4637256,-0.9962744,-3.5662744,-3.1062744,-3.9462745,-2.6062744,-1.3462744,-1.7662745,-0.42627442,0.97372556,4.0537257,5.2137256,3.5137255,1.6137255,-1.1662744,1.1737256,0.7037256,-4.7262745,-4.1062746,-2.2662745,-2.0462744,-0.8162744,4.203726,3.6837256,-0.13627441,3.0137255,3.0937257,8.013725,5.8937254,4.8437257,5.3837256,5.1937256,5.4837255,5.2537255,4.9437256,4.6537256,5.2937255,6.5337257,7.5837255,8.133725,7.6037254,7.3637257,7.4137254,7.493726,8.143725,8.603725,8.553725,8.433725,8.383725,8.443726,8.153726,7.5437255,7.8237257
0.9437256,0.8137256,4.8537254,2.6737256,4.1037254,1.4437256,1.3137256,-0.6262744,-1.1462744,0.42372558,1.4337256,2.0137255,2.5237255,2.7337255,6.1737256,6.9037256,-0.33627442,-2.6762743,-1.0862744,1.9737256,-1.1362745,-3.6762743,-2.3362744,-0.39627442,0.6837256,3.1337256,3.0937257,5.0037255,8.243726,7.2937255,10.503726,8.143725,7.6037254,6.1737256,4.6537256,3.3337257,1.5737256,0.13372558,-1.1862744,-1.3262744,-0.3462744,1.1137255,3.2037256,4.6437254,5.4337254,5.7537255,6.5937257,7.0937257,7.7937255,8.363726,8.633725,8.653726,7.7537255,7.6637254,7.4237256,7.1137257,6.7637258
-3.5262744,-1.0062745,0.38372558,0.07372559,-0.13627441,4.1137257,4.2137256,2.0037255,3.0037255,1.8437256,-0.026274415,1.3037256,1.6837256,3.2637255,4.0437255,4.0437255,-2.1362743,-4.9562745,-2.5662744,0.4937256,2.6137257,3.3737257,2.6137257,4.4137254,6.3237257,7.1437254,8.213726,8.963726,5.723726,8.423725,7.703726,7.0537257,7.0037255,5.6837254,3.1437256,0.093725584,-3.5062745,-7.1762743,-8.686275,-8.596274,-6.8262744,-4.006274,-1.2262744,1.8537256,4.4037256,4.6037254,4.2137256,5.6337256,7.1037254,7.8137255,8.233726,8.353725,8.363726,8.163726,7.993726,7.6337256,7.1337256
