public/wind.json
{"header": { "discipline":0, "gribEdition":2, "gribLength":76170, "center":7, "subcenter":0, "refTime":"2018-06-24T00:00:00.000Z", "significanceOfRT":1, "productStatus":0, "productType":1, "productDefinitionTemplate":0, "parameterCategory":2, "parameterNumber":2, "parameterUnit":"m.s-1", "genProcessType":2, "forecastTime":0, "surface1Type":103, "surface1Value":100.0, "surface2Type":255, "surface2Value":0.0, "gridDefinitionTemplate":0, "numberPoints":65160, "shape":6, "gridUnits":"degrees", "resolution":48, "winds":"true", "scanMode":0, "nx":360, "ny":181, "basicAngle":0, "lo1":0.0, "la1":90.0, "lo2":359.0, "la2":-90.0, "dx":1.0, "dy":1.0 }, "data":
[rows 0 to 24 of 181, columns 171 to 227 of 360]
3.7537255,3.6937256,3.6237257,3.5537255,3.4837255,3.4137256,3.3437257,3.2637255,3.1937256,3.1237257,3.0437255,2.9637256,2.8837256,2.8137255,2.7337255,2.6537256,2.5737257,2.4837255,2.4037256,2.3237257,2.2337255,2.1537256,2.0637255,1.9837255,1.8937256,1.8037256,1.7237256,1.6337256,1.5437256,1.4537256,1.3637255,1.2737256,1.1837256,1.0937256,1.0037255,0.9137256,0.8137256,0.72372556,0.6337256,0.5437256,0.4437256,0.35372558,0.26372558,0.17372559,0.07372559,-0.016274415,-0.10627441,-0.20627442,-0.29627442,-0.38627443,-0.4762744,-0.5762744,-0.6662744,-0.7562744,-0.84627444,-0.9462744,-1.0362744
0.6337256,0.5537256,0.4737256,0.39372557,0.32372558,0.24372558,0.17372559,0.093725584,0.023725586,-0.056274414,-0.11627442,-0.19627441,-0.26627442,-0.33627442,-0.41627443,-0.4762744,-0.5562744,-0.6262744,-0.6962744,-0.7662744,-0.8362744,-0.90627444,-0.97627443,-1.0562744,-1.1162744,-1.1962744,-1.2662745,-1.3362744,-1.4062744,-1.4762744,-1.5362744,-1.6162744,-1.6762744,-1.7462745,-1.8062744,-1.8762745,-1.9362744,-2.0062745,-2.0562744,-2.1262743,-2.1762743,-2.2362745,-2.2862744,-2.3462744,-2.3962743,-2.4562745,-2.4962745,-2.5462744,-2.5862744,-2.6362743,-2.6862745,-2.7162745,-2.7662745,-2.8062744,-2.8462744,-2.8762743,-2.9162743
-1.1562744,-1.2362744,-1.3162744,-1.3962744,-1.4762744,-1.5562744,-1.6262745,-1.6962744,-1.7662745,-1.8362744,-1.9062744,-1.9662744,-2.0362744,-2.1062744,-2.1762743,-2.2362745,-2.3062744,-2.3762743,-2.4362745,-2.5062745,-2.5662744,-2.6362743,-2.7062745,-2.7662745,-2.8362744,-2.8962743,-2.9562745,-3.0162745,-3.0762744,-3.1262743,-3.1862745,-3.2362745,-3.2862744,-3.3362744,-3.3862743,-3.4362745,-3.4862745,-3.5262744,-3.5762744,-3.6162744,-3.6562743,-3.6962745,-3.7362745,-3.7762744,-3.8162744,-3.8462744,-3.8762743,-3.9062743,-3.9362745,-3.9662745,-3.9962745,-4.0162745,-4.0362744,-4.0562744,-4.0762744,-4.0862746,-4.0962744
-1.7762744,-1.8862745,-1.9862744,-2.0762744,-2.1662743,-2.2562745,-2.3262744,-2.4162743,-2.4762745,-2.5562744,-2.6262743,-2.6962745,-2.7762744,-2.8462744,-2.9262743,-2.9962745,-3.0762744,-3.1562743,-3.2362745,-3.3162744,-3.3862743,-3.4562745,-3.5362744,-3.6062744,-3.6762743,-3.7462745,-3.7962744,-3.8662744,-3.9162743,-3.9762745,-4.0162745,-4.0662746,-4.1062746,-4.1462746,-4.1762743,-4.2162743,-4.2462745,-4.276274,-4.3062744,-4.3362746,-4.3762746,-4.4062743,-4.4362745,-4.4662743,-4.506274,-4.5362744,-4.5762744,-4.6162744,-4.6562743,-4.6862745,-4.7262745,-4.7662745,-4.796274,-4.8262744,-4.8562746,-4.8862743,-4.9062743
-1.8062744,-1.8562744,-1.9162744,-1.9862744,-2.0562744,-2.1462743,-2.2262745,-2.3062744,-2.3862743,-2.4662745,-2.5562744,-2.6262743,-2.7162745,-2.7962744,-2.8862743,-2.9662745,-3.0462744,-3.1162744,-3.2062745,-3.2962744,-3.3762743,-3.4762745,-3.5862744,-3.6862745,-3.7962744,-3.8962743,-3.9962745,-4.1062746,-4.1962743,-4.2862744,-4.3562746,-4.4262743,-4.4862742,-4.526274,-4.5762744,-4.6162744,-4.6562743,-4.6962743,-4.7362742,-4.7862744,-4.8262744,-4.8762746,-4.9362745,-4.9862742,-5.046274,-5.1062746,-5.1662745,-5.2262745,-5.2862744,-5.3462744,-5.3962746,-5.4562745,-5.506274,-5.5562744,-5.5962744,-5.6462746,-5.6762743
-1.8762745,-1.8762745,-1.8462744,-1.8262744,-1.7962744,-1.7762744,-1.7562745,-1.7262744,-1.7062744,-1.6762744,-1.6662744,-1.6762744,-1.6962744,-1.7262744,-1.7762744,-1.8262744,-1.8862745,-1.9662744,-2.0362744,-2.1262743,-2.2062745,-2.3062744,-2.4062743,-2.5162745,-2.6462743,-2.7762744,-2.9162743,-3.0762744,-3.2462745,-3.4162743,-3.5962744,-3.7762744,-3.9462745,-4.1062746,-4.2462745,-4.3762746,-4.4762745,-4.5762744,-4.6562743,-4.756274,-4.8362746,-4.9362745,-5.026274,-5.1362743,-5.256274,-5.3562746,-5.4662743,-5.5662746,-5.6562743,-5.7262745,-5.7862744,-5.8462744,-5.8962746,-5.9462743,-5.9862742,-6.026274,-6.046274
-2.6562743,-2.6762743,-2.6862745,-2.6962745,-2.6862745,-2.6762743,-2.6562743,-2.5962744,-2.5162745,-2.4262743,-2.3262744,-2.2462745,-2.1562743,-2.0462744,-1.9162744,-1.7762744,-1.6262745,-1.4662744,-1.3062744,-1.1762744,-1.0662744,-0.9862744,-0.9462744,-0.9262744,-0.9262744,-0.9362744,-0.96627444,-0.9962744,-1.0462744,-1.1262745,-1.2662745,-1.4562744,-1.7062744,-1.9862744,-2.3062744,-2.6362743,-2.9562745,-3.2462745,-3.5162745,-3.7562745,-3.9862745,-4.1962743,-4.4162745,-4.6262746,-4.8362746,-5.0362744,-5.2162743,-5.3762746,-5.506274,-5.6262746,-5.7362742,-5.8362746,-5.9162745,-5.9962745,-6.0662746,-6.1262746,-6.1862745
-1.5662744,-1.6562744,-1.7562745,-1.8462744,-1.9462744,-2.0462744,-2.1162744,-2.1562743,-2.1762743,-2.1762743,-2.1562743,-2.0962744,-2.0262744,-1.9562744,-1.8862745,-1.7862744,-1.6562744,-1.5062745,-1.3562744,-1.2062744,-1.0562744,-0.9162744,-0.7662744,-0.6162744,-0.45627442,-0.2862744,-0.09627441,0.093725584,0.2837256,0.4637256,0.6237256,0.77372557,0.9137256,1.0437256,1.1437256,1.1737256,1.1037256,0.9237256,0.6137256,0.20372559,-0.2862744,-0.8062744,-1.2962744,-1.7562745,-2.1762743,-2.5462744,-2.8862743,-3.2162745,-3.5162745,-3.7962744,-4.0562744,-4.276274,-4.4762745,-4.6362743,-4.776274,-4.9062743,-5.026274
0.6037256,0.5737256,0.5437256,0.4937256,0.39372557,0.23372559,0.06372558,-0.1262744,-0.2862744,-0.41627443,-0.5162744,-0.5762744,-0.6362744,-0.6862744,-0.7462744,-0.8062744,-0.8762744,-0.9262744,-0.9562744,-0.9362744,-0.8862744,-0.78627443,-0.6662744,-0.5062744,-0.32627442,-0.13627441,0.053725585,0.2537256,0.4337256,0.6237256,0.8237256,1.0437256,1.2937256,1.5837256,1.9237256,2.2737255,2.6237257,2.9637256,3.2737255,3.5637255,3.8037255,3.9837255,4.0637255,3.9837255,3.7737255,3.4637256,3.0537255,2.6037257,2.0937257,1.5637256,1.0037255,0.45372558,-0.07627442,-0.5562744,-1.0162745,-1.4362744,-1.8562744
1.3537256,1.4337256,1.4737256,1.4737256,1.4237256,1.3537256,1.2637256,1.2037256,1.1337256,1.0437256,0.90372556,0.7637256,0.6437256,0.52372557,0.42372558,0.3437256,0.29372558,0.26372558,0.26372558,0.3137256,0.3737256,0.4737256,0.6037256,0.7637256,0.9337256,1.1237255,1.3337256,1.5537256,1.7737256,2.0037255,2.2037256,2.4037256,2.5737257,2.7437255,2.9237256,3.1237257,3.3537257,3.6337256,3.9437256,4.2537255,4.5637255,4.8737254,5.1637254,5.4237256,5.6737256,5.9237256,6.1437254,6.3337255,6.4437256,6.453726,6.3837256,6.223726,6.0237255,5.743726,5.4137254,5.0137258,4.5637255
1.4437256,1.4037256,1.3837256,1.3537256,1.3037256,1.2437255,1.2037256,1.1837256,1.2037256,1.2237256,1.2137256,1.2037256,1.1637256,1.1237255,1.0837256,1.0537256,1.0437256,1.0737256,1.1437256,1.2737256,1.4437256,1.6237255,1.8237256,2.0237255,2.2237256,2.3937256,2.5537255,2.7237256,2.8737257,3.0437255,3.2237256,3.4137256,3.6037257,3.7937255,3.9537256,4.1037254,4.2337255,4.3537254,4.473726,4.6137257,4.7637258,4.9437256,5.1637254,5.4237256,5.703726,6.0137258,6.3037257,6.5837255,6.8137255,6.993726,7.1337256,7.2637258,7.4137254,7.5837255,7.7537255,7.9037256,7.9637256
1.2137256,1.1237255,0.9337256,0.6737256,0.48372558,0.39372557,0.4437256,0.5637256,0.72372556,0.8837256,1.0337256,1.2437255,1.4637256,1.6437256,1.8137256,1.9437256,2.0137255,2.0237255,2.0137255,1.9637256,1.9237256,1.9037256,1.8837256,1.8537256,1.8437256,1.8637255,1.9837255,2.2737255,2.6937256,3.1237257,3.5037255,3.7937255,4.0037255,4.1837254,4.3537254,4.5337257,4.7137256,4.8837256,5.0437255,5.1937256,5.3237257,5.453726,5.5737257,5.6737256,5.7837257,5.8637257,5.9637256,6.0937257,6.2637258,6.5037255,6.7537255,6.953726,7.1237254,7.2537255,7.3637257,7.4337254,7.5137258
3.6737256,3.8137255,3.9337256,4.0337257,4.1237254,4.1737256,4.203726,4.2137256,4.1837254,4.1237254,4.0737257,4.0437255,4.0237255,3.9937255,3.9537256,3.9337256,3.9637256,4.0037255,4.0837255,4.1837254,4.2837257,4.3537254,4.3837256,4.3837256,4.3437257,4.2637258,4.1437254,4.0037255,3.8737257,3.8337257,3.9437256,4.1137257,4.3037257,4.4337254,4.5237255,4.6237254,4.7737255,4.9437256,5.1537256,5.3437257,5.5137258,5.6037254,5.6237254,5.6237254,5.6737256,5.7737255,5.9637256,6.1837254,6.3237257,6.3437257,6.2937255,6.2637258,6.3037257,6.3837256,6.493726,6.7137256,6.9337254
3.0237255,3.1837256,3.3137255,3.3737257,3.4137256,3.4337256,3.4637256,3.4937255,3.5337255,3.6237257,3.7737255,3.9837255,4.2337255,4.5237255,4.8237257,5.1037254,5.3237257,5.453726,5.5437255,5.6037254,5.6337256,5.6637254,5.6937256,5.723726,5.7537255,5.7637258,5.743726,5.6737256,5.5737257,5.4837255,5.4137254,5.3737254,5.3737254,5.4037256,5.4337254,5.453726,5.4837255,5.5137258,5.5437255,5.5837255,5.6437254,5.7137256,5.8137255,5.953726,6.0937257,6.1937256,6.223726,6.203726,6.1837254,6.203726,6.2737255,6.3437257,6.4137254,6.4137254,6.3337255,6.1737256,6.0037255
2.9037256,2.9137256,2.9637256,3.0437255,3.1337256,3.2237256,3.3137255,3.3837256,3.4137256,3.3837256,3.2937255,3.1737256,3.0337255,2.9137256,2.8137255,2.7437255,2.7137256,2.7137256,2.7537255,2.8137255,2.8937256,3.0237255,3.1737256,3.3837256,3.6337256,3.9037256,4.1837254,4.4637256,4.7337255,4.9837255,5.223726,5.4437256,5.6437254,5.8137255,5.9237256,5.9337254,5.8637257,5.7937255,5.7137256,5.6537256,5.6137257,5.6037254,5.6137257,5.6337256,5.6537256,5.6537256,5.6337256,5.6137257,5.6537256,5.743726,5.8337255,5.8937254,5.9037256,5.9037256,5.8937254,5.8837256,5.9037256
-0.5462744,-0.6862744,-0.78627443,-0.8362744,-0.8262744,-0.7562744,-0.6762744,-0.59627444,-0.52627444,-0.41627443,-0.23627442,0.033725586,0.38372558,0.7437256,1.0737256,1.3737255,1.6237255,1.8337256,2.0137255,2.1737256,2.3137255,2.4237256,2.5237255,2.6337256,2.7537255,2.8837256,3.0537255,3.2537255,3.4737256,3.7037256,3.9137256,4.0837255,4.2137256,4.3137255,4.4237256,4.5937257,4.7537255,4.8037257,4.703726,4.6037254,4.6137257,4.7637258,4.953726,5.1137257,5.203726,5.2637258,5.2837257,5.3037257,5.3137255,5.3537254,5.4137254,5.4637256,5.493726,5.5037255,5.493726,5.493726,5.473726
-2.9762745,-2.8262744,-2.7462745,-2.7262745,-2.7362745,-2.7362745,-2.6462743,-2.4162743,-1.9762744,-1.3462744,-0.71627444,-0.23627442,0.08372559,0.3037256,0.4937256,0.6837256,0.8837256,1.0637256,1.2237256,1.3837256,1.5237256,1.6437256,1.7437255,1.8337256,1.9237256,2.0337255,2.1537256,2.2837255,2.4237256,2.5837257,2.7337255,2.8837256,3.0037255,3.0637255,3.0837257,3.0937257,3.1437256,3.2437255,3.3737257,3.5037255,3.5637255,3.5337255,3.3837256,3.1937256,3.0837257,3.1237257,3.2737255,3.4937255,3.7937255,4.1137257,4.3137255,4.3737254,4.3537254,4.3137255,4.2537255,4.203726,4.1537256
-4.2862744,-4.0362744,-3.7962744,-3.6462743,-3.6062744,-3.6062744,-3.6062744,-3.5362744,-3.4162743,-3.2662745,-3.1362743,-3.0562744,-2.9862745,-2.9162743,-2.8662744,-2.8162744,-2.7162745,-2.5462744,-2.3162744,-1.9962745,-1.6262745,-1.2162744,-0.8362744,-0.5062744,-0.2562744,-0.07627442,0.07372559,0.20372559,0.3737256,0.5837256,0.8737256,1.2437255,1.6437256,2.0037255,2.2737255,2.4237256,2.4737256,2.4437256,2.3337257,2.2337255,2.2037256,2.2937255,2.4737256,2.6237257,2.6437256,2.5737257,2.5037255,2.4037256,2.2337255,2.0737257,2.1137257,2.3137255,2.4637256,2.5237255,2.4937255,2.5037255,2.6137257
-6.8262744,-7.006274,-6.506274,-5.2462745,-3.8262744,-3.0262744,-3.1462743,-4.0962744,-5.796274,-7.3962746,-7.3362746,-6.0562744,-5.3062744,-5.4162745,-5.5562744,-5.5362744,-5.4162745,-5.1162744,-4.6762743,-4.1662745,-3.5962744,-2.9662745,-2.3262744,-1.7962744,-1.4362744,-1.2062744,-1.0062745,-0.8762744,-0.8562744,-0.9162744,-0.9962744,-1.0262744,-0.7962744,-0.23627442,0.32372558,0.6137256,0.8537256,1.0937256,1.2137256,1.3037256,1.4337256,1.5437256,1.6537256,1.7937256,1.9337256,2.0337255,2.0237255,1.8837256,1.6037256,1.3037256,1.1037256,0.97372556,0.8837256,0.84372556,0.8137256,0.7037256,0.5137256
-3.8362744,-5.0562744,-6.3562746,-7.4762745,-8.306274,-8.676274,-8.166274,-7.1762743,-4.9362745,-3.5762744,-2.6462743,-2.8562744,-3.7962744,-3.8762743,-3.2962744,-2.3962743,-1.5762744,-0.8162744,0.043725587,0.9237256,1.8237256,2.6137257,2.7637255,2.6437256,2.8537257,3.0737257,3.1937256,3.0937257,2.6737256,1.6937256,-0.38627443,-1.4462744,-1.4062744,-2.2262745,-2.5062745,-1.6762744,-1.1962744,-0.59627444,0.4037256,0.9937256,1.4437256,1.9437256,2.1837256,2.2637255,2.3937256,2.5637255,2.7037256,2.7637255,2.7337255,2.6337256,2.4537256,2.2037256,1.9237256,1.6337256,1.3037256,0.8937256,0.38372558
-2.0562744,-2.2562745,-2.3162744,-3.0362744,-5.1362743,-7.7662745,-9.396275,-9.716274,-9.236275,-8.216274,-6.8462744,-5.2062745,-3.5762744,-2.0362744,-1.0162745,-0.6962744,-0.4462744,-0.026274415,0.4637256,0.9937256,1.6637256,2.6137257,3.8237257,5.1537256,6.2337255,6.4137254,7.0537257,7.743726,7.1537256,6.1237254,5.7137256,4.0537257,0.52372557,-0.90627444,-0.7462744,-1.3362744,-1.8862745,-1.8362744,-1.3562744,-0.6962744,-0.8962744,-1.1762744,-0.71627444,-0.5562744,-0.026274415,1.1137255,2.0537255,2.7737255,3.6737256,4.3437257,4.1537256,3.3537257,2.4237256,1.6537256,0.84372556,-0.1262744,-1.2262744
3.7937255,3.7437255,3.4437256,3.3537257,3.0137255,3.8237257,1.1037256,-1.5162745,-1.8462744,-4.0762744,-5.8562746,-5.1862745,-3.6662743,-1.9162744,-0.4062744,0.6237256,1.0437256,1.1737256,1.4937255,1.5537256,1.6137255,1.6037256,2.1537256,3.7437255,3.4737256,3.7937255,4.8737254,4.973726,4.5937257,4.4037256,3.9337256,3.8137255,2.6137257,1.3637255,0.9837256,-1.7562745,-3.0762744,-1.7762744,-0.71627444,-0.14627442,0.3437256,0.5537256,0.78372556,0.7037256,-0.52627444,-1.4362744,0.08372559,-0.35627443,-0.3162744,-1.3062744,-0.6462744,0.78372556,2.8737257,2.9537256,0.8837256,-0.16627441,0.41372558
-1.2362744,0.35372558,1.3037256,2.9737256,4.3537254,2.7737255,4.1637254,4.7137256,2.1837256,0.5737256,2.7137256,4.6037254,2.9637256,2.8237257,1.7237256,2.2737255,3.4837255,1.9037256,1.2637256,1.9437256,2.2337255,2.3837256,2.0337255,1.8337256,2.4937255,2.8737257,2.1037257,1.2237256,1.7237256,2.8537257,3.9337256,3.6937256,2.5837257,2.0437255,1.3637255,0.6137256,-0.056274414,0.22372559,0.9237256,1.0437256,1.8737255,1.9137256,0.8337256,0.6137256,2.1337256,2.8337257,1.5837256,3.0437255,-1.6462744,-7.1962743,-7.0562744,-2.1162744,0.8637256,-1.1862744,0.48372558,2.0137255,1.5537256
-0.39627442,-1.5662744,-1.8162744,-0.5462744,-1.5062745,-0.06627441,1.2037256,2.0037255,4.3037257,4.5737257,2.6837256,3.1137257,4.3237257,4.3337255,2.8437257,3.2237256,4.0537257,2.0437255,-1.9062744,-1.3862745,1.6337256,3.4437256,3.8837256,4.0037255,2.9937255,2.8237257,4.3237257,4.8037257,4.8937254,4.9237256,4.9037256,5.1937256,4.8437257,6.1237254,6.4037256,6.3237257,6.5637255,5.8537254,5.6737256,7.953726,9.313725,7.953726,7.1937256,7.6037254,8.203726,7.8337255,7.6737256,7.5037255,7.5337257,6.8837256,4.5637255,0.2737256,2.4637256,5.6637254,-4.1162744,-1.6662744,2.1237257
-3.2862744,-4.2262745,-3.5462744,-5.5762744,-2.0162745,-1.5562744,-3.4062743,-3.9362745,-5.6162744,-4.2462745,-1.7562745,-1.9862744,-0.42627442,1.4137256,1.1037256,-0.8362744,-3.2462745,-0.5762744,0.36372557,0.7337256,1.2837256,3.0837257,3.8337257,2.7937255,3.2837255,1.7237256,0.33372557,1.1637256,3.0237255,4.6437254,4.993726,6.5637255,7.0137258,6.993726,6.5237255,8.033726,8.373726,8.483726,9.243726,7.9637256,8.193726,8.913726,9.673725,9.393725,8.733726,7.9237256,7.1237254,6.1737256,6.3137255,7.8937254,5.8237257,4.7137256,2.6837256,4.453726,3.1937256,1.2737256,2.2537255
