public/wind.json
{"header": { "discipline":0, "gribEdition":2, "gribLength":76928, "center":7, "subcenter":0, "refTime":"2018-06-24T00:00:00.000Z", "significanceOfRT":1, "productStatus":0, "productType":1, "productDefinitionTemplate":0, "parameterCategory":2, "parameterNumber":3, "parameterUnit":"m.s-1", "genProcessType":2, "forecastTime":0, "surface1Type":103, "surface1Value":100.0, "surface2Type":255, "surface2Value":0.0, "gridDefinitionTemplate":0, "numberPoints":65160, "shape":6, "gridUnits":"degrees", "resolution":48, "winds":"true", "scanMode":0, "nx":360, "ny":181, "basicAngle":0, "lo1":0.0, "la1":90.0, "lo2":359.0, "la2":-90.0, "dx":1.0, "dy":1.0 }, "data":
[rows 135 to 161 of 181, columns 124 to 185 of 360]
0.57339597,-0.626604,-2.816604,-4.386604,-5.546604,-5.866604,-4.546604,-2.636604,-1.246604,-0.656604,-0.566604,-0.356604,0.183396,1.033396,1.203396,1.543396,1.433396,1.8533959,2.763396,4.043396,5.653396,6.993396,8.013396,10.263396,11.123396,11.603396,12.953396,13.733396,14.323396,14.363396,13.683396,13.493396,13.773396,12.403396,10.853396,9.233396,7.023396,4.773396,2.643396,-0.13660401,-2.216604,-2.166604,-1.056604,0.333396,-1.916604,-3.556604,-11.196604,-8.376604,-13.426604,-11.986604,-10.286604,-10.646604,-11.256604,-11.056604,-9.536604,-8.536604,-10.406604,-11.546604,-11.486604,-9.726604,-8.616604,-6.656604
0.023395997,-0.276604,-1.076604,-2.166604,-3.186604,-5.006604,-5.926604,-4.266604,-3.306604,-2.576604,-1.506604,-0.486604,0.013395996,0.163396,0.243396,0.513396,0.673396,1.293396,2.223396,2.723396,3.823396,5.583396,8.703396,9.713396,10.423396,12.023396,13.583396,14.363396,14.843396,14.903396,15.053396,15.583396,14.793396,13.693396,12.113396,10.423396,8.293396,5.913396,3.293396,-0.176604,-3.156604,-3.826604,-3.516604,-4.296604,-1.956604,-2.856604,-1.556604,-10.096604,-11.536604,-10.766604,-11.966604,-12.666604,-12.916604,-12.296604,-11.196604,-10.156604,-10.746604,-11.346604,-10.806604,-9.396604,-7.986604,-5.326604
-0.116604,0.283396,-0.406604,-1.1466041,-1.606604,-2.716604,-5.546604,-5.626604,-4.256604,-3.056604,-1.886604,-0.996604,-0.336604,-0.016604004,0.233396,-0.066604,-0.13660401,0.193396,0.273396,-0.226604,1.593396,4.883396,8.043396,9.343396,10.743396,12.143396,13.913396,14.983396,15.953396,16.533396,16.753395,16.483397,16.253395,15.143396,13.593396,11.483396,8.943396,6.513396,3.183396,-0.596604,-3.456604,-4.276604,-3.876604,-3.296604,-3.126604,-5.736604,-5.856604,-15.456604,-13.746604,-10.816604,-11.726604,-14.546604,-13.926604,-13.276604,-12.376604,-11.146604,-10.796604,-11.516604,-10.306604,-9.436604,-8.276604,-6.496604
0.343396,-0.08660401,-1.376604,-1.056604,-0.906604,-1.186604,-1.316604,-1.356604,-1.786604,-1.8966041,-1.466604,-0.706604,-0.25660402,0.073396,0.393396,0.14339599,0.043395996,-0.456604,-1.346604,-2.916604,1.613396,5.453396,7.353396,9.453396,11.343396,12.653396,13.753396,15.473396,16.683395,17.563396,17.553396,18.133396,17.573397,15.553396,16.843395,18.073397,13.533396,3.173396,-0.886604,-2.466604,-2.706604,-2.276604,-2.166604,-3.546604,-5.826604,-7.616604,-10.856604,-15.206604,-15.046604,-14.196604,-12.956604,-14.246604,-14.676604,-13.736604,-13.076604,-12.326604,-10.756604,-10.956604,-10.006604,-9.096604,-8.396604,-6.076604
0.293396,0.613396,-0.056604005,-0.066604,-0.036604002,0.443396,0.183396,-0.016604004,-0.346604,0.253396,1.073396,1.223396,1.003396,1.023396,0.703396,0.743396,0.223396,0.103396,-6.796604,-2.416604,1.913396,4.543396,7.273396,9.773396,11.623396,12.543396,14.033396,15.373396,16.783396,17.723396,18.403397,18.973396,18.533396,17.213396,17.183395,17.403397,15.443396,8.483396,4.083396,2.173396,1.873396,2.223396,0.903396,-3.516604,-7.956604,-10.676604,-14.016604,-16.246605,-13.046604,-13.166604,-14.016604,-14.776604,-14.406604,-13.956604,-13.006604,-12.426604,-11.586604,-10.976604,-11.046604,-10.056604,-8.296604,-6.156604
-0.376604,0.053395998,-0.226604,-0.106604,-0.046604004,0.57339597,0.653396,0.733396,2.043396,1.563396,1.013396,0.953396,0.803396,1.003396,0.923396,0.673396,2.463396,-6.766604,-5.336604,-1.636604,1.263396,4.473396,7.603396,10.103396,11.653396,12.693396,13.723396,15.263396,16.813396,18.073397,18.713396,19.063396,19.263395,18.563396,16.853395,14.753396,12.353396,9.693396,7.833396,6.763396,6.083396,5.793396,4.483396,-3.966604,-10.566604,-14.426604,-16.286604,-15.816604,-15.316604,-13.216604,-13.056604,-14.016604,-14.326604,-14.036604,-13.416604,-12.626604,-11.856604,-11.186604,-11.096604,-9.996604,-8.086604,-6.086604
0.343396,0.513396,0.343396,0.14339599,0.663396,1.413396,2.223396,2.203396,2.013396,1.893396,1.813396,2.003396,2.153396,1.883396,1.043396,1.403396,-7.646604,-7.116604,-4.826604,-1.796604,1.683396,4.763396,7.753396,9.693396,11.303396,12.363396,13.733396,14.903396,16.433395,17.923395,18.893396,19.313396,19.483397,19.223396,18.843395,17.373396,14.173396,9.733396,5.823396,4.533396,5.563396,6.613396,8.693396,-11.226604,-14.436604,-14.456604,-13.656604,-11.266604,-11.396604,-13.726604,-13.296604,-13.446604,-14.486604,-14.416604,-14.116604,-13.376604,-12.236604,-10.796604,-9.796604,-8.836604,-7.576604,-6.006604
0.123395994,0.543396,1.303396,1.753396,2.293396,3.193396,4.053396,4.333396,4.293396,4.063396,3.843396,3.753396,3.313396,2.593396,0.923396,-9.146604,-9.026604,-7.296604,-4.446604,-1.176604,1.203396,4.493396,7.003396,9.373396,10.993396,12.383396,13.673396,14.693396,16.113396,17.843395,19.173395,19.763395,19.823397,19.733397,19.703396,19.903397,19.573397,17.693396,7.673396,-0.096604005,1.373396,4.463396,4.013396,-14.226604,-13.066604,-11.266604,-9.306604,-8.276604,-7.106604,-7.796604,-11.686604,-13.556604,-14.236604,-14.816604,-14.366604,-13.856604,-12.976604,-11.906604,-10.616604,-9.046604,-7.686604,-6.236604
-0.426604,0.233396,1.123396,2.143396,3.233396,4.103396,4.813396,4.753396,4.163396,3.673396,3.483396,3.263396,2.313396,-0.466604,-9.896604,-9.736604,-8.656604,-6.556604,-4.376604,-1.616604,0.303396,3.653396,6.493396,9.093396,11.193396,12.643396,13.563396,14.703396,16.133396,17.723396,19.143396,19.953396,20.353395,20.163397,20.443396,21.113396,22.443396,23.673395,13.143396,-1.996604,-6.336604,-1.946604,1.493396,-13.376604,-10.476604,-9.346604,-8.506604,-7.726604,-6.466604,-5.586604,-4.846604,-8.606604,-13.346604,-14.246604,-14.406604,-13.856604,-13.176604,-12.126604,-10.866604,-9.276604,-7.336604,-6.106604
-1.756604,-0.726604,0.333396,0.953396,2.343396,3.313396,4.083396,4.603396,5.043396,5.013396,3.833396,2.543396,-0.326604,-9.346604,-9.666604,-8.766604,-7.306604,-5.976604,-4.116604,-1.786604,-1.696604,1.973396,5.563396,8.473396,10.823396,12.623396,13.603396,14.453396,15.813396,17.403397,18.823397,19.923395,20.353395,20.403397,20.733397,21.353395,23.793396,25.303396,14.063396,2.643396,-11.486604,-8.146604,-6.356604,-6.296604,-7.556604,-7.426604,-6.976604,-6.736604,-6.286604,-5.226604,-4.626604,-4.636604,-6.746604,-11.266604,-13.706604,-13.216604,-12.356604,-11.366604,-10.476604,-9.226604,-7.536604,-6.486604
-3.346604,-1.876604,-0.426604,0.703396,1.513396,2.483396,3.513396,4.173396,3.933396,4.083396,2.743396,-1.346604,-7.546604,-9.086604,-8.496604,-7.566604,-6.526604,-5.476604,-3.906604,-2.156604,-2.526604,-0.31660402,4.363396,7.173396,9.893396,11.933396,13.243396,14.353396,15.583396,17.143396,18.413397,19.353395,19.773396,20.013395,20.603395,20.983397,23.093395,26.463396,18.033396,3.083396,-6.816604,-13.046604,-9.396604,-7.976604,-7.176604,-6.676604,-5.946604,-5.516604,-5.596604,-6.046604,-5.726604,-5.006604,-4.756604,-5.646604,-9.456604,-12.976604,-12.546604,-11.526604,-9.806604,-8.486604,-7.546604,-6.276604
-4.756604,-3.116604,-1.596604,-0.226604,0.953396,1.863396,2.613396,2.863396,2.893396,2.243396,0.503396,-5.526604,-8.256604,-8.196604,-7.706604,-6.946604,-6.106604,-5.296604,-4.206604,-2.756604,-1.626604,-1.316604,2.373396,5.063396,8.483396,10.863396,12.303396,13.363396,14.573396,16.023396,17.323397,18.223396,18.603395,19.043396,19.883396,20.723396,21.933395,24.543396,22.153397,8.473396,-6.186604,-12.166604,-9.756604,-8.446604,-7.616604,-6.436604,-5.526604,-4.786604,-4.756604,-5.546604,-6.476604,-6.406604,-6.046604,-5.986604,-7.056604,-9.346604,-11.726604,-11.626604,-10.806604,-9.486604,-8.296604,-7.446604
-5.576604,-4.036604,-2.486604,-1.226604,-0.066604,0.813396,1.393396,1.463396,1.193396,0.253396,-2.216604,-5.256604,-7.466604,-8.316604,-8.356604,-7.886604,-6.896604,-5.806604,-4.846604,-3.926604,-2.646604,-1.006604,0.813396,2.343396,6.213396,9.203396,10.723396,12.223396,13.843396,15.253396,16.253395,16.923395,17.123396,17.843395,18.643396,19.223396,19.903397,20.543396,21.053396,13.793396,-2.076604,-6.076604,-8.096604,-7.656604,-6.966604,-5.466604,-4.036604,-3.246604,-3.526604,-4.796604,-6.206604,-7.016604,-7.176604,-7.506604,-8.006604,-8.626604,-10.236604,-12.086604,-12.196604,-10.816604,-8.566604,-6.296604
-6.096604,-4.616604,-3.276604,-2.096604,-1.326604,-0.846604,-0.396604,-0.08660401,-0.036604002,-0.536604,-1.936604,-3.506604,-4.936604,-6.086604,-6.866604,-7.496604,-7.566604,-6.976604,-5.946604,-5.146604,-4.136604,-1.996604,-0.296604,1.363396,4.793396,7.273396,8.733396,10.943396,12.853396,14.173396,14.883396,15.723396,16.003395,16.313396,17.143396,16.803396,17.183395,18.033396,17.043396,16.113396,15.203396,5.793396,-4.156604,-5.926604,-5.206604,-5.176604,-4.636604,-4.326604,-4.716604,-5.726604,-7.026604,-8.176604,-9.096604,-9.536604,-8.706604,-7.026604,-6.566604,-6.636604,-5.686604,-4.186604,-2.596604,-1.506604
-6.246604,-4.886604,-3.456604,-2.066604,-1.086604,-0.886604,-1.036604,-1.086604,-0.896604,-0.67660403,-0.056604005,-0.586604,-1.846604,-3.266604,-4.866604,-6.336604,-7.796604,-8.876604,-8.146604,-6.516604,-5.066604,-3.356604,-2.846604,0.303396,3.993396,5.343396,7.683396,10.013396,11.533396,12.413396,13.593396,14.423396,14.493396,14.513396,15.293396,14.483396,14.113396,13.773396,14.153396,12.973396,12.313396,12.063396,11.303396,9.913396,5.423396,3.483396,3.143396,2.763396,1.953396,1.123396,0.443396,-0.406604,-1.906604,-3.496604,-4.586604,-5.236604,-5.646604,-5.316604,-4.076604,-3.006604,-3.006604,-2.606604
-5.516604,-4.556604,-3.526604,-2.516604,-1.406604,-0.366604,0.313396,0.373396,0.063396,-0.206604,-0.226604,-0.28660402,-0.566604,-1.036604,-1.586604,-2.836604,-5.566604,-8.906604,-9.596604,-8.026604,-5.446604,-4.736604,-2.496604,0.443396,2.533396,4.933396,7.193396,9.003396,10.123396,11.243396,12.533396,12.923396,13.003396,12.723396,13.153396,12.223396,11.473396,11.183396,11.253396,11.053396,11.013396,10.243396,10.073396,9.623396,8.993396,8.573396,7.193396,4.993396,3.383396,2.273396,0.503396,-2.016604,-3.256604,-3.476604,-3.196604,-4.396604,-5.676604,-4.966604,-4.586604,-4.156604,-2.286604,-0.08660401
-3.416604,-2.416604,-1.356604,-0.396604,0.313396,0.763396,0.923396,1.323396,1.913396,1.953396,1.723396,1.493396,1.083396,0.903396,0.553396,-0.936604,-4.826604,-10.046604,-9.926604,-8.916604,-8.236604,-5.216604,-2.626604,0.233396,3.003396,5.183396,6.663396,7.643396,8.173396,9.923396,10.843396,11.293396,10.593396,10.813396,11.113396,9.513396,9.083396,9.053396,8.993396,9.023396,9.363396,9.933396,10.293396,9.593396,8.033396,5.673396,3.363396,3.603396,4.043396,4.663396,4.083396,2.703396,-0.31660402,-2.636604,-3.456604,-2.876604,-6.666604,-6.226604,-3.486604,-0.446604,1.633396,3.323396
-0.466604,0.213396,0.913396,1.513396,1.963396,3.003396,3.533396,3.063396,2.843396,2.553396,2.103396,1.673396,1.413396,1.503396,0.973396,-3.746604,-9.116604,-9.486604,-8.936604,-7.176604,-5.086604,-2.326604,0.713396,2.803396,3.473396,4.163396,4.803396,4.993396,5.373396,6.083396,6.983396,7.643396,6.863396,8.533396,7.963396,6.763396,7.063396,7.613396,8.353396,8.853396,9.383396,9.873396,10.003396,9.023396,8.153396,8.683396,8.303396,6.833396,4.633396,2.523396,1.953396,2.393396,2.463396,2.683396,2.503396,1.533396,1.173396,1.543396,2.443396,3.673396,4.833396,5.713396
1.653396,2.783396,3.663396,4.453396,4.943396,4.953396,4.793396,4.073396,3.303396,3.423396,3.573396,2.643396,1.233396,-0.916604,-2.486604,-3.566604,-3.656604,-3.096604,-2.486604,-1.216604,0.393396,1.223396,1.763396,2.003396,2.233396,2.653396,2.923396,3.463396,4.083396,4.713396,5.213396,5.343396,5.383396,5.183396,3.423396,3.343396,4.063396,4.783396,5.583396,6.133396,6.453396,6.583396,6.903396,7.283396,7.583396,7.283396,7.083396,6.743396,6.573396,6.663396,6.003396,5.363396,5.063396,4.603396,4.483396,4.683396,4.873396,5.183396,5.663396,6.183396,6.523396,6.803396
4.033396,4.773396,5.403396,5.453396,5.213396,5.133396,4.843396,4.423396,3.703396,3.223396,3.513396,3.803396,4.023396,3.853396,3.213396,2.383396,1.543396,0.933396,0.703396,0.803396,1.193396,1.623396,2.003396,2.513396,3.063396,3.453396,3.573396,3.373396,3.293396,3.453396,3.563396,3.603396,3.313396,1.513396,1.273396,1.843396,2.613396,3.413396,4.203396,4.883396,5.283396,5.523396,5.803396,5.833396,5.903396,5.863396,5.813396,5.883396,5.693396,5.743396,5.803396,5.753396,5.763396,5.923396,6.093396,6.013396,6.143396,6.643396,6.733396,6.493396,7.173396,7.223396
2.653396,3.023396,3.223396,3.093396,2.683396,2.323396,2.323396,2.373396,2.323396,2.633396,2.763396,2.753396,2.813396,3.013396,3.093396,2.783396,2.123396,1.643396,2.093396,3.243396,4.133396,4.063396,3.843396,4.203396,4.533396,4.433396,4.283396,4.113396,3.793396,3.443396,2.473396,0.723396,-0.486604,-0.296604,0.233396,1.1033959,1.903396,2.433396,3.113396,3.813396,4.413396,4.743396,4.953396,5.163396,5.443396,5.653396,5.853396,6.003396,6.163396,6.343396,6.443396,6.523396,6.603396,6.573396,6.253396,5.933396,5.733396,5.773396,5.913396,6.083396,6.223396,6.443396
1.033396,2.013396,4.053396,4.413396,2.143396,0.413396,-1.836604,-1.426604,-1.656604,2.453396,4.163396,1.413396,1.203396,1.233396,2.543396,4.353396,5.733396,4.803396,3.423396,4.193396,6.563396,6.003396,5.233396,6.363396,6.143396,5.053396,4.663396,4.263396,3.023396,0.743396,-0.496604,-0.86660403,-1.366604,-1.1466041,-0.25660402,0.893396,2.083396,2.493396,3.673396,5.403396,4.663396,4.713396,5.123396,5.473396,5.773396,6.153396,6.583396,6.953396,7.233396,7.423396,7.523396,7.583396,7.643396,7.653396,7.513396,6.793396,6.173396,5.773396,5.933396,6.243396,6.413396,6.533396
11.953396,14.483396,13.753396,13.053396,9.303396,5.653396,0.983396,4.923396,6.393396,10.953396,14.133396,13.863396,15.313396,15.723396,16.973396,18.823397,19.813396,21.013395,20.413397,17.123396,20.553396,12.283396,6.043396,6.953396,6.173396,4.983396,3.993396,2.443396,1.063396,0.17339599,-0.586604,-0.946604,-0.776604,-0.396604,0.153396,1.123396,2.383396,3.483396,3.923396,4.063396,4.403396,4.833396,5.483396,6.373396,7.323396,8.173396,9.033396,9.603396,9.613396,9.593396,9.533396,9.503396,9.443396,9.243396,8.663396,7.613396,7.153396,7.343396,7.533396,7.183396,6.723396,6.523396
9.573396,12.053396,13.813396,14.543396,14.773396,14.603396,12.153396,9.513396,8.583396,11.033396,14.223396,16.503395,17.403397,17.933395,18.083397,17.973396,17.673395,17.893396,17.593395,18.873396,18.253395,15.973396,15.123396,10.743396,3.923396,1.723396,0.803396,1.493396,0.743396,-0.166604,-0.31660402,-0.206604,0.473396,1.023396,1.753396,2.623396,3.223396,3.633396,4.123396,4.573396,4.663396,4.153396,3.283396,3.113396,5.173396,8.643396,9.723396,10.433396,10.523396,10.403396,10.523396,10.363396,9.963396,9.463396,9.143396,8.743396,8.303396,7.893396,7.603396,7.173396,6.923396,7.033396
8.433396,9.793396,11.223396,11.933396,12.483396,12.183396,11.533396,10.733396,10.463396,10.453396,12.733396,14.283396,13.763396,13.903396,14.703396,16.293396,18.223396,20.143396,20.893396,21.443396,20.333397,17.803396,15.643396,11.993396,8.893396,7.423396,7.703396,7.783396,4.623396,2.243396,1.993396,1.6033959,0.583396,0.563396,1.013396,0.713396,1.213396,2.863396,4.513396,5.613396,5.963396,5.213396,3.143396,1.343396,0.813396,3.843396,8.943396,10.933396,11.973396,12.143396,12.533396,12.263396,11.733396,11.203396,10.623396,9.983396,9.403396,8.783396,8.153396,7.463396,6.923396,6.413396
7.413396,8.013396,9.113396,10.503396,11.123396,10.893396,11.383396,11.803396,12.003396,12.653396,13.763396,13.693396,13.453396,13.343396,14.543396,15.743396,15.893396,16.253395,16.773396,16.663397,16.103395,15.223396,13.583396,11.413396,9.003396,6.863396,5.323396,4.843396,3.923396,1.123396,-0.816604,-0.67660403,0.363396,0.723396,-0.516604,0.223396,1.083396,0.363396,1.963396,2.733396,2.733396,2.583396,1.073396,-0.916604,-2.356604,-1.116604,4.123396,9.073396,13.213396,14.163396,14.043396,13.933396,13.543396,12.973396,12.373396,11.623396,10.793396,9.673396,7.983396,6.723396,6.393396,6.363396
7.853396,8.593396,9.493396,10.653396,11.763396,12.243396,12.303396,12.283396,12.463396,13.073396,13.693396,13.513396,13.503396,13.873396,13.813396,13.833396,13.573396,13.153396,12.893396,13.053396,12.873396,12.783396,12.643396,11.693396,9.743396,7.153396,5.073396,3.843396,2.733396,1.623396,0.703396,-0.196604,-0.856604,-1.036604,-0.736604,0.363396,2.873396,6.693396,3.063396,0.57339597,5.643396,2.593396,1.763396,1.713396,-0.656604,-2.876604,-2.036604,4.993396,15.023396,17.613396,16.933395,16.373396,15.583396,14.633396,13.873396,13.153396,11.463396,8.243396,6.193396,6.053396,6.093396,6.263396
